Nu: -2.8727498419603084, -3.7009894778368437
Errors: [  5.34548224e+00   1.16230578e-01   9.80358973e-04], [ 0.85326673  0.07450305  0.01715905]
