Alphas: -3.8485877807450386, -4.032137739787023, -3.8763602875495176, -3.483129828064518
Errors: [  1.60164961e+02   3.70993077e-02   1.28753656e-04], [  3.02304210e+02   3.88214395e-02   9.49686568e-05], [  2.36544104e+02   4.04228026e-02   1.04924305e-04], [  1.54581501e+02   5.98283686e-02   2.17220816e-04]
