Alphas: -4.250720079906846, -3.510399579064283, -1.9230538362507952, -2.016264395198998
Errors: [  1.65554469e+01   4.01068219e-02   1.64123351e-04], [  2.08548410e+01   5.11284229e-02   7.30289770e-05], [  2.06150918e+00   1.92421390e-01   2.62777121e-04], [  1.22907854e+01   1.59096350e+00   6.38290003e-04]
Alphas: -4.1756472629690515, -3.5744396408606, -2.883960080985204, -1.2618674515998953
Errors: [ 1.91456004  0.05550947  0.00391203], [  1.46021776e+00   3.45384741e-02   1.10251504e-03], [  1.18120694e+00   3.73687571e-02   3.85516293e-04], [ 0.21632292  0.20418415  0.00170964]
Alphas: -4.505974831793319, -3.657118963543383, -1.783093688298908, -0.1000195567911372
Errors: [  4.38506176e+01   3.10180212e-02   1.88486827e-04], [  6.27163933e+01   4.99525832e-02   1.06112224e-04], [  2.99909093e+00   2.36548802e-01   5.32986615e-04], [ 0.37619588  1.58330886  0.42455241]
Alphas: -4.639814439333399, -3.838298044639262, -3.102270760143289, -1.706991154144232
Errors: [  5.86360447e+00   5.09293952e-02   4.49453915e-03], [  4.71678446e+00   3.71690625e-02   1.69682908e-03], [  3.49575661e+00   3.52341677e-02   5.01064924e-04], [  1.74384676e+00   2.98153579e-01   1.49310111e-03]
